Pop	Block	flwsize	FlwDate	height	InflorLen	flowers	aborted	fruits	fitness	openflws	tscent
TH	9	7.29	167	65	7	32	1	31	124.25	6	49.3477
WF	8	6.51	166	85	21	74	2	72	385.19	17	50.9847
TH	27	8.22	166	68	8	51	11	40	191.82	15	48.5287
TH	15	7.29	167	32	4	16	5	11	51.93	4	6.5091
TH	14	7.06	166	54	9.5	29	13	16	95.39	7	6.691
TH	19	6.91	166	73	11	43	14	29	119.9	5	17.3357
WF	4	6.44	173	61.5	11	41	5	36	159.56	2	11.8198
NR	15	7.19	169	55	5	18	9	9	43.03	3	8.9364
NR	25	6.69	169	58	10.5	31	3	28	139.83	11	25.7826
TH	29	6.91	171	58	11.5	20	9	11	50.23	3	4.0339
WF	17	6.39	166	48	5	16	4	12	38.58	6	1.8497
WF	11	7.06	173	57	12.5	26	8	18	65.96	1	2.5371
NR	9	7.07	169	54	5	12	0	12	58.73	2	2.5078
TH	6	7.49	166	59	6.5	23	11	12	62.55	3	10.185
TH	24	7.35	169	54	6.5	16	3	13	71.21	3	8.7145
NR	8	6.71	169	47	11	32	1	31	137.05	9	6.726
WF	25	6.03	171	44	55	24	6	18	57.56	3	2.4042
TH	8	7.82	169	63.5	8.5	14	3	11	51.65	5	1.0641
TH	18	7.26	169	72	9	26	8	18	82.48	8	6.5274
TH	12	7.66	171	49	7	19	9	10	42.96	2	0.7415
NR	33	6.76	169	44	10.5	29	16	13	59.53	4	8.6358
WF	21	6.53	166	75	11	46	19	27	109.78	8	10.8122
NR	20	6.57	166	61	14	47	4	43	165.44	10	6.9831
WF	27	5.9	171	64.5	5.5	21	13	8	28.15	3	1.5282
NR	18	6.19	171	62	8	26	10	16	71.81	6.5	8.3557
NR	16	7.22	169	66	11.5	42	22	20	83.98	3	3.4442
NR	24	6.99	171	52	8	19	7	12	48.52	6	7.9674
WF	28	6.45	171	53	11	36	12	24	100.88	4	1.6418
WF	10	6.12	169	50	8	28	0	28	105.02	7	1.2736
WF	18	6.83	169	50	13	36	5	31	121.21	8.5	2.0737
WF	20	6.95	169	66	8	28	4	24	92.77	6	2.8286
NR	14	6.88	169	69	11	34	5	29	141.23	6.5	11.7457
WF	13	6.34	169	73	14.5	101	42	59	269.35	5	5.2417
NR	30	6.51	169	77	19	35	18	17	53.3	6	20.2014
NR	23	6.77	169	59	7	28	9	19	81.5	6	13.1416
NR	34	7.1	166	50	11	16	1	15	66.38	7	5.3152
NR	12	6.95	166	66	11.5	41	4	37	198.83	7	10.8029
TH	31	7.14	166	75	6	19	9	10	47.27	2	6.2824
NR	1	6.74	166	60	10	39	10	29	140.73	10	13.4185
NR	28	7.25	169	68	14.5	38	13	25	89.39	4	6.1009
NR	32	7.35	166	61	12.5	39	8	31	127.23	10	5.6695
TH	20	6.37	166	65	8.5	31	13	18	79.98	5	2.7393
TH	16	7.44	169	58	10.5	34	12	22	90.07	4	2.2527
NR	26	7.19	171	51.5	6	18	6	12	54.96	3	4.8415
NR	27	7.23	166	52.5	9.5	22	11	11	52.16	2	3.2191
NR	29	6.66	171	39	4	6	1	5	16.76	3	1.2198
TH	11	7.73	166	55	9	16	0	16	92.2	6	1.0803
WF	33	6.69	172	57	6.5	21	8	13	56.22	1	0.7413
WF	29	6.69	171	52	9.5	33	17	16	59.04	1	1.8072
WF	31	5.88	171	57	5.5	13	8	5	18.67	1	1.8567
NR	2	6.81	166	49	7	33	9	24	110.06	9	9.3565
NR	13	6.83	169	64	10	40	15	25	118.01	3	4.7729
NR	5	6.54	171	42	4	9	1	8	25.79	1	1.6196
WF	7	7.2	167	74.5	11	54	9	45	210.1	6	5.2649
NR	6	7.38	169	55	7.5	27	9	18	83.94	9	9.2117
TH	25	6.86	166	75	16	34	25	9	46.22	18	8.9456
WF	24	7.16	169	57	11.5	42	15	27	119.46	3	4.9488
TH	21	5.93	167	53	9	38	19	19	66.21	8	8.0928
TH	23	7.55	169	55	8	26	8	18	82.14	5	4.3404
WF	23	6.69	171	44	6.5	22	5	17	51.86	5	4.4746
WF	9	6.65	169	66	12	41	5	36	138.09	7	0.7666
TH	2	6.43	171	58.5	14	33	15	18	84.42	3	1.4664
WF	2	6.13	171	62	9	28	9	19	81.05	2.5	0.4537
WF	34	6.32	173	64	12	42	31	11	53.08	3	7.6343
TH	34	7.22	169	58	7	31	12	19	83.56	5	2.0215
WF	26	6.38	169	51.5	6.5	26	4	22	78.44	10	2.6191
TH	33	7.14	169	56	6	27	9	18	60.86	6	5.2333
WF	35	6.27	171	54	8.5	27	12	15	51.41	4	2.7071
WF	32	6.86	172	75	16	43	22	21	98.13	1	1.0432
WF	30	6.39	171	52.5	55	20	9	11	48.08	4	1.0238
TH	28	8.15	166	70	12.5	26	1	25	122.79	6	2.5035
TH	32	8.1	166	64	9.5	32	16	16	81.04	6	3.5342
TH	26	7.01	166	58	7.5	15	4	11	50.68	5	3.1532
NR	3	6.1	166	58	8	38	1	37	191.44	9	1.374
NR	10	7.32	169	40	4.5	22	0	22	88.8	6	2.3825
NR	17	6.21	171	50	8.5	21	5	16	59.37	2	1.6172
NR	19	6.11	166	49	5.5	23	4	19	64.73	8	5.1446
NR	22	6.49	169	61	11.5	36	4	32	132.48	10	0.1899
NR	31	6.74	169	41	12	36	10	26	101.25	13	0.3016
TH	4	6.92	166	61	9.5	36	6	30	149.42	11	2.2332
TH	13	7.37	169	82	24	45	10	35	139.32	6	0.6917
WF	3	6.17	175	58	14	33	10	23	74.42	1	1.3418
WF	6	5.78	167	67	7	24	13	11	48.67	2	0.848
WF	12	6.53	169	56.5	5	18	4	14	59.88	5	1.358
WF	15	6.76	166	47.5	8	30	6	24	93.57	8	2.9413
WF	16	5.93	171	48	6	8	2	6	20.28	1	0
WF	19	6.36	167	53	4	26	17	9	39.36	4	2.88
WF	22	6.49	169	66	7.5	29	12	17	67.19	1	5.3605
